 mean_spb1 mean_nuc1 prob1 mean_spb2 mean_nuc2 prob2 mean_spb3 mean_nuc3 prob3 mean_spb4 mean_nuc4 prob4 mean_spb5 mean_nuc5 prob5 mean_spb6 mean_nuc6 prob6 mean_spb7 mean_nuc7 prob7 mean_spb8 mean_nuc8 prob8 mean_spb9 mean_nuc9 prob9 mean_spb10 mean_nuc10 prob10
43 1.3957184290377471 1.9272817180401112 0.18082463984103328 1.3202060635148185 2.373432629218194 0.3591654247391952 1.187650021810227 2.155345892983351 0.5211127670144063 1.2558328670273438 1.6720264142453294 0.6443119721808246 1.5234024563038155 2.230093263881363 0.7446597118728265 1.4083018804326626 1.4194559320635454 0.8410332836562344 0.9822260827059832 1.502693233751333 0.9309488325881767 1.0322752608819767 1.904331015228939 1.0 0.0 0.0 0.0 0.0 0.0 0.0
65 1.5003339086551195 2.238362441397124 0.1919232307077169 1.2059040970579158 2.2722646396757193 0.38144742103158735 1.3700503404875493 1.9310087407456964 0.5193922431027589 1.3019476058665165 1.6240895356337053 0.652139144342263 1.5755526610149206 1.3326059613974055 0.7497001199520191 1.0978890500433256 1.9941628746217257 0.8424630147940824 1.006381211651619 1.6911826283800178 0.924030387844862 1.0041687678001807 1.3998056031344068 1.0 0.0 0.0 0.0 0.0 0.0 0.0
110 1.076324142744992 2.1497915878843967 0.15372718836993504 0.9918175201432424 1.758499283770704 0.28611197030621716 1.385189896422987 2.180363426049616 0.40736158366841946 1.5297495720085754 1.8785343183124648 0.5261367151252707 1.6013225667621325 1.2387955845861718 0.6439839158676153 1.3108740187405703 1.6207491437115982 0.7581193937519333 1.2261937026772864 1.9154336364186155 0.8645221156820292 1.2314332133616048 2.427036864322204 0.9548407052273431 1.0258823218225288 1.34965529005697 1.0 0.0 0.0 0.0
182 1.325179937433503 2.202823947947269 0.2068466730954677 1.4880853910160383 1.4835758053336952 0.3958534233365477 1.6335451306465574 1.9535404381816384 0.5785920925747348 1.3326172345393412 1.7921927430193516 0.7227579556412729 1.0468729791196745 1.5098462746982158 0.8297974927675988 1.0713225233865111 1.9830930479399476 0.9368370298939248 1.2894335562860726 1.0644562844694183 1.0 0.0 0.0 0.0 0.0 0.0 0.0 0.0 0.0 0.0
205 1.4894165321933002 1.9134270753268765 0.16095380029806258 1.5407611421466387 1.4922827867531256 0.3045206159960258 1.7386023684115748 1.9809146969099936 0.4421261798310978 1.3298469853933073 2.3035989815680704 0.548435171385991 1.3117621359737062 1.6420937995700036 0.6522603079980128 1.6013051144508508 1.0689375570186472 0.7426726279185295 1.1955549564376369 2.0094363178519865 0.8315946348733233 1.0804996320514042 1.302190664950314 0.9100844510680575 1.0229274170144558 1.7281430821356274 0.9850968703427718 2.201983560164752 2.63599973239234 0.9999999999999999
217 1.1275062253478525 2.0194604242561507 0.14307004470938897 1.4780223570623985 1.4684027438203957 0.2857675111773472 1.5085753344824206 1.0800076147931488 0.4098360655737705 1.16715566335522 1.3069558149006122 0.5257078986587184 1.4685409344645433 1.997513413910168 0.6363636363636364 1.6166019959554216 1.7882450196093091 0.7455290611028316 1.405725674087955 2.311067474651023 0.8453800298062593 1.286304967972934 1.6922743590066078 0.9407600596125185 0.9477200783588892 1.5467332728116416 0.9999999999999999 0.0 0.0 0.0
255 1.1438470755637231 2.0565020180676683 0.13891285591026747 1.309389032367266 1.701930165235404 0.27653149266609145 1.4622504615400018 1.9546428809622296 0.40379637618636754 1.4588281290574192 1.4048495345998324 0.5306298533218292 1.684951413054346 1.7350665544264423 0.6566005176876618 1.50735087204783 0.9695478441290362 0.7489214840379638 1.054596908255121 1.2860257480313535 0.8403796376186368 1.44416041488598 2.3825559578492794 0.9301121656600518 1.0331433792433695 1.6966278812673143 1.0 0.0 0.0 0.0
297 1.5364847095805099 1.8467945070037484 0.1871584699453552 1.6664444358788872 1.4765051301484076 0.3542805100182149 1.3466344790298062 1.5311797916374683 0.5122950819672131 1.5026291919678352 1.0794631131698906 0.6407103825136612 1.3957279412297403 2.256895491419584 0.7654826958105646 1.1899999807511528 1.9207066083580744 0.8847905282331512 1.0193556782673938 1.5642457239287313 0.9558287795992714 1.0469298762106598 1.1849133470587798 1.0 0.0 0.0 0.0 0.0 0.0 0.0
314 1.3715705756269505 1.9037994548055552 0.1807592752372735 1.5074967273645117 1.6192156510982336 0.3541846419327006 1.155977621021656 2.1360661038151965 0.48748921484037966 1.023454298183577 1.6953230092086693 0.6091458153580673 1.1902068512858754 1.4206891103970003 0.7295081967213115 1.4893688824130389 1.2475037167629883 0.8369283865401208 1.400780678694053 2.258224878721481 0.9253666954270924 1.6957991155830308 1.9213802127206208 1.0 0.0 0.0 0.0 0.0 0.0 0.0
332 1.6384600366890123 1.5193016924344491 0.24533634821933295 1.3978024375136069 1.8406386115434217 0.42792538157150933 1.493360194823156 2.205209550503392 0.5958168456755228 1.3915468461740337 1.1843525274562716 0.7269643866591294 1.3380350608395049 1.5307168787905585 0.8241944601469757 1.1245533885859893 2.0715826225889766 0.8993781797625777 1.0189027243088893 1.3432050365952857 0.9621254946297343 1.0593599166661338 1.7571460081924912 1.0 0.0 0.0 0.0 0.0 0.0 0.0
384 1.3448345380885143 1.6736386068463391 0.1912568306010929 1.589327533825916 1.3710858781639579 0.3391192542590807 1.3155007128558935 2.3204163783323515 0.48312439729990353 1.5603546220375433 1.9091929743330904 0.6123432979749277 1.189327492634079 2.0158942440397176 0.7203471552555448 1.1492700256049877 1.3774370009260166 0.8257794921247187 0.9456814006946048 1.6347565685387555 0.9263902282224364 1.2950337892586723 0.9908458024744456 1.0 0.0 0.0 0.0 0.0 0.0 0.0
410 1.518181860228429 1.796612851843633 0.18401639344262294 1.2667133454859898 1.5793838950382226 0.3368852459016393 1.0912248507620832 1.9483241693797717 0.4868852459016393 1.5273626869674464 1.3393097263954838 0.6348360655737704 0.9668669282421042 1.573531877125755 0.7487704918032786 1.3406578233757485 2.1505315878205566 0.8401639344262294 1.0565751108797308 1.1922332434960587 0.9217213114754097 1.4179356328946504 0.941662508489134 0.9999999999999999 0.0 0.0 0.0 0.0 0.0 0.0
422 1.5159699261315516 1.9983681790944277 0.1614123581336696 1.5905430930639726 1.6617380488325144 0.3064312736443884 1.2923652133260446 1.750210414291531 0.4270701975620008 1.2769689690354895 1.4272798664824964 0.5363598150483396 1.064761735800396 1.9609660260932156 0.6401849516603615 1.3460572260180297 2.296499565957224 0.7276166456494325 0.9664135505305196 1.6342577474586728 0.8146279949558638 1.3401738137904944 1.0632667887432972 0.8827238335435057 1.6582976830704204 1.232300369828789 0.9503993274485079 0.9472965784446024 1.2221330283258791 1.0
443 1.4790809314597348 1.9727825336992693 0.17486338797814208 1.2056079632455765 2.1718968884498158 0.3055141579731744 1.5615603372331237 1.5330492943500924 0.4341778440139096 1.3124810832790144 1.382618920355958 0.561351217088922 1.2770071929262867 1.6855582344650923 0.6701440635866865 0.9776373579273924 1.5205282954435946 0.7734724292101341 1.1312025550706832 1.8551654987748465 0.8733233979135618 1.1252910728389485 1.0247897870310356 0.9384003974167908 1.574077392991238 1.0813140305710254 1.0 0.0 0.0 0.0
477 1.3950305556501168 1.7229693258976366 0.1885245901639344 1.14375004692032 1.9746287156929585 0.3239861949956859 1.3422454157421746 1.3705813930424433 0.44779982743744606 1.48875774488818 2.09899089028754 0.5681622088006902 1.6667177075591195 1.419958598838781 0.6846419327006039 1.0282619271800115 1.5794503045017718 0.7937877480586712 1.7192371754964657 1.817976214715993 0.8917169974115616 1.0470979534822389 1.085520258502236 0.952113891285591 1.50054126552791 0.9307438965529644 1.0 0.0 0.0 0.0
520 1.5348862333346998 1.8976574906854773 0.15703192407247626 1.5921948460739122 1.594747946027951 0.2927811331607708 1.306983382608276 1.6671678832615289 0.40465918895599656 1.5790287442950417 1.2611929199854417 0.5107851596203624 1.3278069930303011 2.1780047208701467 0.6068449813057234 1.2821213787144448 1.3507690843319007 0.6974403221167674 0.9749919938018228 1.5451967688022852 0.7845844118492955 1.484058197767345 0.9446882028823829 0.8596491228070176 1.1273623493911624 1.8603548563125407 0.9324129997123958 1.0698931442897637 1.069972597506206 1.0
557 1.4520815011618706 1.6316430303169742 0.14954834392773503 1.7305269182907743 1.4078814436664409 0.27701572432251587 1.1266246890466507 1.6811690385571514 0.40080294412847106 1.3432147265462904 1.3342887733196689 0.523921043827367 1.5904545827664354 1.0124136608199827 0.6403479424556708 1.252954168231887 2.0356711556543527 0.7480762796922048 1.1887880640047246 1.0240098949060896 0.8330545332887254 0.9463570175413965 1.3683814761866089 0.9173636667781866 1.6957529631803825 1.8698265915518515 0.9999999999999999 0.0 0.0 0.0
587 1.7309343381003457 1.646449490288652 0.16357012750455374 1.3737951500263714 1.611706102265928 0.3122040072859745 1.5911902068015396 1.323802015870864 0.4564663023679417 1.1394623929447645 1.8237176834285005 0.5912568306010929 1.2966666298220588 1.2850039724673394 0.7114754098360656 1.0193054616777435 1.430292679794703 0.82040072859745 1.508287308631202 2.0548109762115008 0.8961748633879781 1.512843980018875 0.9043285524490782 0.9653916211293261 1.0843323608372242 0.9533943594902756 1.0 0.0 0.0 0.0
611 1.7008285288550724 1.1403400116697768 0.16475409836065574 1.7470374279774878 1.57141116507568 0.32172131147540983 1.4534496453285426 1.4257356395550864 0.4778688524590164 1.137739566019259 1.5679205211824208 0.5926229508196721 1.4170492992375499 0.9224044471306678 0.7057377049180328 1.2738292026818168 1.2543791866303993 0.8180327868852459 1.444496447892444 1.8324284706797243 0.9213114754098362 1.0049904780333567 1.1419169279396657 1.0 0.0 0.0 0.0 0.0 0.0 0.0
656 1.3699509072746197 1.2179467050125579 0.2459016393442623 1.6260496636807042 1.052092044048431 0.4197714853452558 1.6566019045499232 1.4264707562406032 0.5822155986090412 1.1317384126258296 0.9126444294387376 0.6994535519125682 1.4205666764794511 0.8563361632886155 0.8137108792846497 1.000898061780072 1.246954801740352 0.9155489319423745 1.1707469493701053 1.5731132682594189 1.0 0.0 0.0 0.0 0.0 0.0 0.0 0.0 0.0 0.0
680 1.714275153825524 1.0554979410754433 0.26534502478078537 1.4267855452018268 1.1040793592549842 0.46016012199771256 1.5557645603971997 0.7905245216541715 0.6263820053374 1.2725758600574435 0.7814292161426405 0.73846740373618 1.5795231436082573 1.4746499298408864 0.8330156309569197 1.144279965129246 1.299375634346391 0.918795272588639 0.9289121194794148 1.0052185896699355 1.0 0.0 0.0 0.0 0.0 0.0 0.0 0.0 0.0 0.0
699 1.678121221628521 1.1508106265480218 0.1834016393442623 1.5109620027629638 0.9933216005945243 0.3545081967213115 1.6990190969582462 0.8353929965893704 0.5194672131147542 1.4501980204280471 0.7331602514328214 0.6470286885245903 1.2731208951011976 0.9249133403920768 0.7592213114754099 1.310764110464873 1.2203267997682594 0.8688524590163935 0.967198474126132 0.9923426995410016 0.9564549180327869 1.1341864668488508 0.6783543866029528 1.0 0.0 0.0 0.0 0.0 0.0 0.0
711 1.6214334312997052 0.863971702349014 0.23751429660693862 1.331227482476438 0.8768486339377015 0.44796035074342355 1.4788380000011194 0.6581482437994143 0.6351505909264201 1.2359068108360614 0.6587556699306415 0.739992375142966 1.4599237259668838 1.1459293675709024 0.8345406023637056 1.0421931910374125 1.0684056141803675 0.9248951582157834 0.98743550461197 0.7565048131209052 0.9999999999999999 0.0 0.0 0.0 0.0 0.0 0.0 0.0 0.0 0.0
784 1.6018545301131206 0.8474630454203482 0.17008196721311475 1.82360714362991 0.7877072298100576 0.3377049180327869 1.573328039262286 0.6350495640876389 0.4905737704918033 1.387478048059479 0.7851039922034814 0.6413934426229508 1.6751513238026587 1.0115593739908706 0.7467213114754099 1.3557428213199294 0.9706304127268962 0.8471311475409836 1.1247233538386647 0.7850769394313812 0.934016393442623 1.323860992937586 0.5875904885508229 1.0 0.0 0.0 0.0 0.0 0.0 0.0
821 1.6433430669513618 1.0687075352821964 0.16627634660421545 1.6507404403602146 0.8057657420161671 0.31420765027322406 1.7017193201240701 1.3401662866442796 0.44964871194379397 1.4185043939981643 0.9903755589246028 0.5792349726775957 1.3944568595330944 1.2271252265481378 0.7072599531615926 1.0913095262726 0.9425772905267584 0.8302107728337238 1.3506352698248572 0.7543909925426631 0.9215456674473069 1.0574981719988157 1.3222653341471728 1.0 0.0 0.0 0.0 0.0 0.0 0.0
839 1.6339636807708575 1.314491476308967 0.2459016393442623 1.6513550600154672 0.9957238451869608 0.44976881042454814 1.3973024629915674 1.152800593562344 0.6128625472887768 1.1320015527543743 0.8996807672275187 0.7225725094577553 1.3827501879993809 1.5345122064856391 0.823034888608659 1.0228751670731726 1.2900268398706614 0.9117276166456494 1.4526164258202692 0.7708967630027816 1.0 0.0 0.0 0.0 0.0 0.0 0.0 0.0 0.0 0.0
859 1.441686015233414 1.2400823450139271 0.24077868852459017 1.7173250275183505 1.424570752309424 0.4149590163934426 1.7314795962266507 1.0355202544440456 0.5806010928961749 1.381635909193891 0.8990025761873868 0.7045765027322405 1.1869970572663089 1.5135295577750183 0.8224043715846995 1.534678982866951 1.7663884184548722 0.9159836065573771 1.0402780684197372 1.0843521908658478 1.0 0.0 0.0 0.0 0.0 0.0 0.0 0.0 0.0 0.0
890 1.39843060019952 1.3421360168885812 0.21311475409836064 1.666673564618551 1.5156153714196694 0.3836065573770492 1.7401373174753054 1.1430459199362186 0.5327868852459017 1.1891278565255288 1.6988429993600924 0.6754098360655738 1.6188202385103223 1.8757977032982216 0.7961748633879782 1.486344824188054 0.9255315611389062 0.898360655737705 1.2068988877119262 1.034075251233967 0.9601092896174864 0.9539008855452744 1.270662705613222 1.0 0.0 0.0 0.0 0.0 0.0 0.0
915 1.4099225802198216 2.039731190934221 0.1592505854800937 1.5424550901703562 1.5399625897832865 0.30640124902419985 1.474091408306557 1.2664510566144316 0.4238875878220141 1.1782750894351999 1.7580370907734348 0.5226385636221702 1.16361400204996 1.4343681275609141 0.617096018735363 1.7080929969743062 1.794479420171291 0.704527712724434 1.311137359078319 1.0137696719754772 0.7872755659640905 1.8520557238189297 1.3642846827629325 0.8680718188914911 1.645746406725778 0.9968069627443209 0.9473067915690867 0.9982485056314112 1.1476427611112647 1.0
970 1.6366583036236615 1.4879547994395486 0.14440181374258806 1.5696827261339743 1.907163121841387 0.2867108475758633 1.1585867579964424 1.806613151967689 0.41437042204394836 1.3149291748756098 2.189359434331488 0.533658876874782 1.5899864949085225 1.0575912283100053 0.6414370422043948 1.3745891522538465 1.5855707990651604 0.7310777816532961 1.3883231115554444 1.3117114344714291 0.8203697244506452 1.0032090745827265 1.487155862140027 0.8953610045343565 1.1487902788934208 1.1425243965600322 0.9581444018137426 2.052477503076385 1.8360409410799887 1.0
992 1.038722989511828 1.837303471871056 0.14363778298204527 1.5394531614034506 1.553784563017217 0.27322404371584696 1.3621316671053367 1.818079582498592 0.4020296643247463 1.2524837224061252 2.2028725589096365 0.5187353629976581 1.6195610347615852 2.0079056668434725 0.6315378610460578 1.4806831471728337 1.2345862445314888 0.7384855581576893 1.3834165111728935 0.9004149560643256 0.8337236533957846 1.2314431463564453 1.5229224044210072 0.9234972677595629 1.005991554760175 1.2323648333497803 1.0 0.0 0.0 0.0
1004 1.5714048811413173 1.4258087924742606 0.136484940907358 1.241909910573077 2.2635762122877403 0.2695386961494472 1.5368452214224642 2.020260053714629 0.39496759435760576 1.3252781509316076 1.6877936013628183 0.5070529927563858 1.4763222139036123 0.9823568069222944 0.6107510484178422 1.0568060333567626 1.1463597993636472 0.7102554327106367 1.2919817420581308 1.3180441854957587 0.8082348455966452 1.0213717540124307 1.5379319891155052 0.9046892870758674 1.1556594241191651 1.9566730215411507 1.0 0.0 0.0 0.0
1051 1.2911518732180265 1.45613062872246 0.1540983606557377 1.3010281437577151 2.3212832045929144 0.29631147540983604 1.5415976668088718 2.0884745497885566 0.42336065573770487 1.325478577175914 1.8400217760634692 0.5459016393442623 1.1263752534890048 1.9746553088113248 0.6569672131147541 1.54923477288111 1.6624833600665854 0.7663934426229508 1.4121100567036748 0.9935213814535964 0.8418032786885246 1.0272054286759889 1.6509297470453919 0.9077868852459017 1.0281246274562157 1.2182523102042653 0.9725409836065574 1.650778418351834 1.266420172994978 1.0
1078 1.1578478786124238 2.16086436209369 0.14301865460712268 1.176947102563788 1.6957155145597074 0.28518937252685134 1.439180122462104 1.7508360400637788 0.4253815715093273 1.3947345397665911 2.2952985349981496 0.5613340870548332 1.0196434356428408 1.4516155216293358 0.6890898812888637 1.3058707016308182 1.9552309007623483 0.8035613340870548 0.9970566711016812 1.8935888593266383 0.9010740531373657 1.5075367791253922 1.2962532737914227 0.9609949123798758 1.18718775307167 1.002204171274828 1.0000000000000002 0.0 0.0 0.0
1137 1.2747764255899126 1.547302203337574 0.16913234706117553 1.4340533547457417 2.3545971906603764 0.3350659736105558 1.4304937445186463 1.8569859650835392 0.47381047580967617 1.1853653985345676 2.145922501130581 0.6025589764094362 1.2535225506654366 0.8292402624824838 0.6997201119552179 1.1820493953704958 1.214148142892944 0.795281887245102 1.0882869413340899 1.8608567371939797 0.890843662534986 0.971155430217087 1.6042757240562715 0.9548180727708917 1.6944478820606157 1.3423268288847754 1.0 0.0 0.0 0.0
1146 1.3346919086216988 2.2911927042348257 0.1853720050441362 1.37128791788272 1.8553063200135511 0.3505674653215637 1.1347249261196737 1.993406797354484 0.5100882723833544 1.2646172172328576 1.4548168712111578 0.6450189155107189 1.606846697290444 1.36249927517809 0.7459016393442623 1.3267284885507935 0.7831891659354713 0.8379571248423708 1.0012718213616882 1.6142007321388985 0.9296973518284994 1.072702222404468 1.1847551707355024 1.0 0.0 0.0 0.0 0.0 0.0 0.0
1170 1.43726523880927 2.0325656094099016 0.2137704918032787 1.2676048956062724 2.26298343205077 0.379672131147541 1.3691639731389684 1.731269287936401 0.5318032786885246 1.113229866489163 1.9326873572461745 0.6819672131147541 1.0162319639710242 1.5942215977747054 0.7980327868852458 1.431316671958048 1.376919578470686 0.8983606557377048 1.0094551749092602 1.2171073277193094 0.9514754098360655 1.3349281847204082 1.0070494231359242 1.0 0.0 0.0 0.0 0.0 0.0 0.0
1242 0.9960872916131992 1.545987446815128 0.16757741347905283 1.342653861322958 1.6457522489239356 0.3304189435336976 1.211342977680394 2.0357445177524065 0.4761384335154827 1.2222480330629442 1.297517696191566 0.609471766848816 1.5691553587503084 1.3574708849443935 0.7347905282331512 0.9755219693857796 1.1314765466840784 0.8306010928961749 1.6904539683329964 1.9692725974421799 0.9162112932604736 1.368044492147919 0.8957912246984238 1.0 0.0 0.0 0.0 0.0 0.0 0.0
1262 1.681124933451588 1.1996827191965618 0.19592163134746102 1.2975724970790878 1.1497429743335394 0.39104358256697325 1.4771387949493233 1.5186642028961146 0.5725709716113555 1.5670333764524706 0.8525550636275033 0.6953218712514995 0.9641465541847194 1.1049203481917518 0.8124750099960016 1.1538780356878746 0.8009152836984825 0.9208316673330668 1.0619221466082982 1.5198109888853533 1.0 0.0 0.0 0.0 0.0 0.0 0.0 0.0 0.0 0.0
1280 1.303393950885143 1.2442440872814322 0.16687683900798655 1.3350625228803286 1.5976971405929898 0.29970575872215216 1.6077614647710865 1.415574248691302 0.4312736443883985 1.2096173652664608 1.9048369938132144 0.5485498108448928 0.9937161464967648 1.5313333307068262 0.6532156368221942 1.6533542117079223 0.9566767302939186 0.7511559478772594 1.153927326956312 0.8961589234675426 0.8469945355191257 0.9834522233671124 1.215546878601956 0.9327448507776377 1.6275102087402888 1.8798403755009525 1.0 0.0 0.0 0.0
1320 1.182808532494122 1.3700699485735226 0.16856735566642908 1.4311911308598948 1.4264447804324227 0.3004276550249465 1.3794230476221987 1.1283023995115575 0.4262295081967213 1.2161999868331566 1.7146680943226955 0.5513186029935851 1.140260285099369 0.9964082774795956 0.6585887384176764 1.6718533409155942 1.2398854151344356 0.7576621525302922 1.6219330682923374 1.589453186955627 0.8399857448325018 1.572507618431734 0.9891503572239838 0.9180327868852459 1.392849100588751 0.7422642309854844 0.9711332858161084 0.8740695684076297 1.286798777996574 1.0
1342 1.300611761130536 1.1958144424602313 0.2569672131147541 1.0199073533173928 0.9908102527547884 0.42172131147540987 1.5411721351888326 1.422433501664293 0.5532786885245902 1.614605315182526 1.0504602744243872 0.6663934426229509 1.308640864620481 0.7845544098559635 0.7778688524590165 0.9681826126229972 1.4059424343397178 0.889344262295082 1.2720550235578487 1.6007923702538551 1.0 0.0 0.0 0.0 0.0 0.0 0.0 0.0 0.0 0.0
1359 1.174097125107647 1.10790912107967 0.14910226385636222 1.4403601102853252 1.0014141818969389 0.2861046057767369 1.6335760076966197 1.2375425713633403 0.4102263856362217 1.1600217638244386 0.8091943980473638 0.5335675253708041 0.9260738118381758 1.0739577259392197 0.654176424668228 1.0654076815292848 1.4180324026147657 0.7646370023419204 1.3167552705730627 1.2797908765077652 0.8719750195160032 1.4074880687219489 1.5694580431984118 0.9383294301327089 1.5164719070832158 0.7034759550620783 1.0 0.0 0.0 0.0
1370 1.5808008984596165 0.959313228967924 0.22174288179465057 1.2835854637156057 0.9751839205151609 0.39473684210526316 1.327654452363359 1.2005144096595382 0.5552200172562554 1.6340628019653127 1.3328166703276387 0.7118205349439172 1.0865402826579302 0.903256281345137 0.8175150992234685 1.3399752693399247 0.7410427350488872 0.9210526315789473 1.0132657710648405 1.2678072740279382 0.9611734253666954 1.2690043669681277 1.530252582748464 1.0 0.0 0.0 0.0 0.0 0.0 0.0
1407 1.1730623399389222 0.6973541839398811 0.20268256333830104 1.3502141507748466 0.8667306221918589 0.40424739195230996 1.6496430756847984 0.8234650536017994 0.5890461997019374 1.0509195040822954 0.9655287535651508 0.732488822652757 1.4506268328368639 0.640870882573419 0.875558867362146 1.4457466369648293 1.0295686709453509 1.0 0.0 0.0 0.0 0.0 0.0 0.0 0.0 0.0 0.0 0.0 0.0 0.0
1425 1.3622825321289025 1.058631682052581 0.17369242779078845 1.4204358448668928 1.3350061058171832 0.3165495706479313 1.6334813499886207 1.161887942445929 0.4508196721311476 1.7474198866145565 0.896379919746164 0.5765027322404372 1.04460343625519 1.314008591747929 0.6935987509758003 1.6683046355814546 1.4768658529177068 0.7849336455893834 1.3926534389445604 0.7413744502286086 0.8743169398907105 1.2246560516899794 1.671533875215101 0.9492583918813429 1.0162635922968546 0.9621368555821456 1.0000000000000002 0.0 0.0 0.0
1460 1.392891847889973 1.1910823234083403 0.2004230565838181 1.2088951775993688 0.914497518074976 0.37546271813855103 1.15255535424723 1.4974100680729667 0.5351665785298784 1.727878103484999 1.115326145448255 0.6869381279746166 1.528264556485479 0.8715676777342946 0.7990481226864093 1.545625582145 1.5160580755723936 0.9095716552088842 0.9293015472176844 1.1966070294136322 1.0 0.0 0.0 0.0 0.0 0.0 0.0 0.0 0.0 0.0
1479 1.1588761039928803 0.8489411447872673 0.25806451612903225 1.4442959643802564 0.8182117170115484 0.5097831835007932 1.754736558003503 0.7904780166627007 0.7091485986250661 2.1866665548429105 0.9184345375031348 0.8202009518773136 1.6612754816263118 1.0660016662779637 0.9264939185616076 1.329391340468348 1.2361140607335896 1.0 0.0 0.0 0.0 0.0 0.0 0.0 0.0 0.0 0.0 0.0 0.0 0.0
1498 1.6388772120898651 0.948355783585024 0.23699215965787598 1.3583621863762532 1.0159406088111067 0.41304347826086957 1.090197906657476 0.9412075978099756 0.5805416963649324 1.5487659098589557 1.24814774601832 0.7173913043478262 1.428600947308167 0.7292075603332332 0.8285816108339273 1.8983768715909133 1.0638078554663783 0.9166072701354241 1.1772922913317323 1.2707118762327865 1.0 0.0 0.0 0.0 0.0 0.0 0.0 0.0 0.0 0.0
1507 1.3899952976973726 1.0479510489115735 0.20305514157973176 1.6116184010859391 1.225596857832441 0.37183308494783907 1.5150353374286132 0.8538592476133517 0.5216095380029806 1.3247591811205224 1.3629501373142634 0.6691505216095379 1.0752855526184408 1.0883192537477644 0.7980625931445603 1.8026569878894292 0.9900821870244734 0.9105812220566318 1.2199426720957611 0.8169338649808421 1.0 0.0 0.0 0.0 0.0 0.0 0.0 0.0 0.0 0.0
1529 1.5005855905649128 1.175410377907913 0.2070750647109577 1.2717907534034736 1.4252052192516085 0.3813632441760138 1.1721858755014092 1.0258226721785122 0.5392579810181191 1.598968591732671 1.5174453635111158 0.6682484900776531 1.4525074302791774 0.778416503477323 0.7769628990509059 1.8025684267230089 1.111867242515834 0.8796376186367557 0.9479713550690398 1.313064809297266 0.9482312338222605 1.1273802172545386 1.7713469308255907 1.0 0.0 0.0 0.0 0.0 0.0 0.0
1565 1.3970983559122083 1.5521514550112088 0.1948150972169272 1.6737298047470222 1.2868120243800472 0.37171178040411745 1.3355409900605453 1.2372818009711233 0.5409836065573771 1.1506407870126536 1.8404354477953973 0.6538314906595502 1.574585464472278 1.8710809002648103 0.7617232176896683 1.5040459392302443 0.9171641277562192 0.8425467022493328 1.069296106173242 1.0051914691026445 0.9218452154022112 1.0445639318919595 1.4019400180154915 1.0 0.0 0.0 0.0 0.0 0.0 0.0
1588 1.143975201474828 1.889800891346496 0.15073970411835266 1.3195251863432973 1.5536946178970694 0.2862854858056777 1.4701973914769004 1.9539381316071032 0.4194322271091563 1.5744759867292646 1.3131167365986287 0.5449820071971211 1.5465556213272733 1.6378810931218677 0.6489404238304678 1.2623856713203516 1.2363096232613964 0.7512994802079168 0.9625302188311652 1.4702643221790817 0.8452618952419032 1.482531213140351 0.9385701662143708 0.932826869252299 1.0304040509858243 0.9817049098152296 0.9999999999999999 0.0 0.0 0.0
1609 1.5808042267792082 1.7242536243835669 0.15343237704918034 1.4001821940497423 1.2254004026720888 0.29047131147540983 1.4506749498636615 2.120674034140829 0.40445696721311475 1.3811473847892992 1.5282146157060248 0.5148565573770492 1.6583439552393096 1.3460086268862144 0.6185963114754098 1.0429928650260376 1.386742050686707 0.7195184426229508 1.5987687656700482 0.9644212858722384 0.8186475409836066 1.2129187312559808 1.8117541445763257 0.913422131147541 1.1462215776902964 0.965457970308598 1.0 0.0 0.0 0.0
1625 1.508121180155244 2.010763698278509 0.177683765203596 1.5790885559580838 1.7327337883830694 0.3209941829719725 1.1707073584860788 1.914705769266934 0.44103648863035433 1.3322157892207085 1.5817930074111517 0.5473294553146484 1.5827277129476172 0.9342048846558564 0.6520359598096246 1.052088218305624 1.4152763098109091 0.7556848228450556 1.1639669232118162 1.0040543980924734 0.8445267054468536 1.3808541639717973 1.2611714138932426 0.9254362771020624 1.6213643750858808 1.3988852557662774 1.0 0.0 0.0 0.0
1644 1.7057163454389053 1.6899640705213819 0.16126572626763247 1.3817972851808022 1.6529240928905 0.29660693861990084 1.6772092024050422 1.199375920784755 0.4273732367518108 1.4321913658555758 1.3352949457041092 0.5421273351124666 1.0107334142850466 1.3636952132681328 0.6507815478459779 1.437627235092405 2.053712145726724 0.7582920320243995 1.1994362927531188 1.0352354175301166 0.8463591307662981 1.0685684766709955 1.801560525750744 0.9252764010674799 1.5037386070576173 0.8744735601059145 0.9999999999999999 0.0 0.0 0.0
1665 1.597400579331531 1.3890980718849677 0.17058041648205582 1.405167252540494 1.6799016591923286 0.309260079751883 1.5149138400227875 1.0297556648650597 0.4302171023482499 1.1763789149388206 1.924679478604198 0.5467434647762517 1.2473961636088209 1.3839736525145427 0.6575099689853788 1.0344137102434698 1.6358413859405578 0.743021710234825 1.3993991332039737 2.1573272659538607 0.8267611874169252 1.6683380795149128 1.9565438628078 0.8892334957908729 1.0874563577673582 0.9660686865068744 0.9503766061143111 0.9541308472835496 1.2817280209809416 1.0
1684 1.6433615509415267 1.7709806960510637 0.16614975631369075 1.390359398228865 1.345065451430594 0.3176783340717767 1.4532848839455583 2.1784647520975686 0.46876384581302616 1.4116617811937702 1.6781411915098872 0.5844040762073549 1.815533500777048 1.325874962817333 0.6911829862649534 1.5190381317904114 1.0057136802231417 0.7824545857332742 1.2093214117418545 1.978613960133264 0.8692955250332299 1.053582689240037 1.5762492749906851 0.9508196721311475 1.1040470642306193 1.113318248821594 1.0 0.0 0.0 0.0
1702 1.8862562246752497 1.5790501620737605 0.13407494145199064 1.4136599603157074 1.7959235487332474 0.26697892271662765 1.5977060800505332 2.0906226006096644 0.38348946135831385 1.0743007174067174 1.2289626408659564 0.4988290398126464 1.0713954622891548 1.597115800811218 0.6100702576112412 1.3813574398384874 1.4595486448497563 0.7154566744730679 1.0921120938900726 1.9314014996338973 0.8132318501170961 1.4548098024543017 1.1020954982937028 0.9074941451990632 1.2833223917750218 2.2636482478114943 1.0 0.0 0.0 0.0
1723 1.4787255170066769 2.0752319823430168 0.19344262295081968 0.9919539092979356 1.5924060284298929 0.3517564402810305 1.5614149206488797 1.1807646236081808 0.47400468384074945 1.6196467994846782 1.6597240733657859 0.595784543325527 1.0358271357846351 1.1827293159451742 0.7170960187353631 1.338244490088488 1.4173353543483411 0.829976580796253 1.3058499915788326 1.77697116371014 0.9358313817330212 1.151952500247684 2.036962751431855 1.0 0.0 0.0 0.0 0.0 0.0 0.0
1762 1.5287643082334506 2.0082523510305403 0.18278688524590164 1.3724833638013696 2.349273337329321 0.3524590163934426 1.3848526472469085 1.653036324161433 0.5045081967213114 1.1730702534573196 2.046727495587889 0.6475409836065573 1.6776886760292644 1.5023364341323515 0.760655737704918 1.0629151818623377 1.6933249913804496 0.8627049180327868 1.4136056834954207 1.183310582154723 0.9331967213114754 1.040343572024391 1.2159771823021903 1.0 0.0 0.0 0.0 0.0 0.0 0.0
1782 1.5101401644483272 1.8999935574705917 0.20417287630402384 1.4674823680514175 1.5036009817253406 0.40312965722801786 1.1513589975655665 1.7461123128961042 0.5480625931445603 1.1564768052831451 2.0516828622258125 0.6911326378539493 1.1545350356096882 1.3938392340912855 0.776080476900149 1.819972293297787 1.2990967172811034 0.8584202682563338 1.391748992565559 2.269549113953844 0.9385245901639344 1.2895311182642295 0.9214571122145953 1.0 0.0 0.0 0.0 0.0 0.0 0.0
1818 1.2521085551576812 2.2418778132405275 0.17471958584987057 1.3315828644415109 1.863665810496431 0.3360655737704918 1.0921304757535877 1.6512254772503718 0.4732528041415013 1.4838381195819816 1.5284824816787606 0.6087144089732528 1.5365946010623004 2.0964577945406635 0.7355478861087144 1.0924287832280786 1.9667410103447585 0.8515962036238136 1.0296148673626686 1.2804447299498691 0.9331320103537533 1.397276705172925 1.0960027768072391 1.0 0.0 0.0 0.0 0.0 0.0 0.0
1838 1.0499133827245857 1.7125244637093984 0.15198087431693988 1.3190409368311105 1.9268017312355739 0.29166666666666663 1.6354869193443968 2.03613560293231 0.43066939890710376 1.2690132012822315 1.5560775280303367 0.5420081967213114 1.5368669156373542 1.6474461323399046 0.6492486338797814 1.2997017516961078 2.344399571316824 0.7544398907103824 1.0975317126588229 2.100652788101282 0.8558743169398906 1.4537528134732594 1.1019034521251079 0.9398907103825137 0.9711920586053396 1.2754515698109576 1.0 0.0 0.0 0.0
1846 1.4418194683323236 2.0093606412894407 0.19273371732388125 1.2622456585032478 1.6082503026370116 0.37173238812583076 1.1179498459787245 2.084492611941028 0.539211342490031 1.2789874762675029 2.3294495843337315 0.6783340717766947 1.0258841313138338 1.8008662849806336 0.7917589720868409 1.6037135701972254 1.6405626770574562 0.8949933540097474 1.3914035399522895 1.176835183598895 0.9587948604342047 0.931889929046828 1.3946336193385842 1.0 0.0 0.0 0.0 0.0 0.0 0.0
1867 1.2974254459111916 2.255788551046316 0.14561234329797493 1.1192251863626943 2.038006606682491 0.2888138862102218 1.5331524129659373 2.139211021512666 0.4079074252651881 1.3742567519315447 1.122171258125263 0.5265188042430087 1.5490765475451624 1.6390305133529477 0.6345226615236258 1.2530014332457722 1.5720255168710338 0.7405978784956605 1.323369670549972 1.8629631917052512 0.8466730954676952 1.0171714660924438 1.772419036703207 0.9363548698167792 1.00377574155463 1.4072955449040758 1.0 0.0 0.0 0.0
1900 1.4435047011678903 2.255660732685899 0.15384615384615385 1.6310789871883136 1.6777227012931888 0.2938209331651955 1.3020710745667934 1.892646510978684 0.426860025220681 1.2794696012313542 1.5391220582946443 0.5573770491803279 1.158499832979095 1.1745017280018488 0.651954602774275 0.9919851552910948 1.806761273217608 0.744640605296343 1.1351174599671399 2.102884945907029 0.8354350567465322 1.5074882751015892 1.1707215551900805 0.9224464060529634 0.9564257215801292 1.45640736725061 0.9999999999999999 0.0 0.0 0.0
1966 1.1772228214285607 2.0776764243300567 0.2073288331726133 1.287935072965968 2.4791692793609568 0.39151398264223725 1.1196058328092633 2.2984239896249576 0.5670202507232401 1.2196909346192242 1.8017451813238208 0.7145612343297976 1.3803548484701482 1.3735468194072025 0.7994214079074253 1.5696574744720289 2.245476632706592 0.8746383799421409 0.9216395906678426 1.5325737352186828 0.918032786885246 0.9362630811545204 1.8803990040459595 0.9594985535197686 0.9769139999242241 2.150237412764852 1.0 0.0 0.0 0.0
1983 1.2197160104682985 2.3213601648530275 0.21026372059871704 1.3986350838626065 2.1619959766229333 0.39201710620099783 1.070519242927716 2.0482747643469303 0.5445473984319316 1.1912990027069168 1.8431696027425903 0.6789023521026372 1.39628500979978 1.5180549821229108 0.7890235210263721 1.0689969700129114 1.5218807930426284 0.8884533143264434 1.6749863834574383 1.7989048411241622 0.9558089807555239 1.1749237795025778 1.0611339728974127 1.0 0.0 0.0 0.0 0.0 0.0 0.0
1995 1.143148330411312 1.8837282574598648 0.19924337957124844 1.0994962135183246 2.169873858553909 0.3614964270701976 1.2875785914968716 2.103286917205058 0.5203867171080286 1.2053557826243473 2.397869523202578 0.6624632198402691 0.96622490317203 1.6847366771026524 0.783942833123161 0.943965432819808 2.0436577128682623 0.8982765868011771 1.4213473851859717 1.6451638791453398 0.9672131147540984 1.0588853266233094 1.284392325092344 1.0 0.0 0.0 0.0 0.0 0.0 0.0
2045 1.0568917997032723 1.2838451239296065 0.16747895436420027 0.9593611922275084 0.9272984084012936 0.33407177669472754 1.1078699269600691 2.0464799439903416 0.49933540097474527 1.1701864805340745 1.5894863671578146 0.6495347806823217 0.8947804643348933 1.7389194960303271 0.7496677004873726 0.830557201112932 1.1729248283873528 0.8365086397873284 1.347552066153155 0.9583872540769476 0.921577315019938 0.8459676380194521 1.4314047747494896 1.0 0.0 0.0 0.0 0.0 0.0 0.0
2065 1.2090988235806006 1.3309883648503098 0.19431051108968178 1.18263736721783 1.9880917515104792 0.3760848601735777 1.066600159080327 1.600120498963916 0.5458052073288332 1.211868985056011 1.0017347339986815 0.6837029893924783 0.92127403880699 1.1084059842044434 0.813404050144648 0.9005663462983569 1.3727035098581817 0.9185149469623914 0.9959247184449094 0.8126833839601839 0.9999999999999999 0.0 0.0 0.0 0.0 0.0 0.0 0.0 0.0 0.0
2086 1.3078468859714605 1.6099832975644386 0.16580796252927402 1.1604904892346293 1.079765234995378 0.32833723653395785 0.9930868474097851 1.5744443715163954 0.4613583138173302 1.139894294245488 1.3598321032558356 0.5896955503512881 1.1648128812271863 1.8927073614563608 0.703512880562061 1.4101462446105713 1.270195757345217 0.805152224824356 1.1583089062804597 0.717616989834544 0.8941451990632319 0.9018150432279622 1.2746953165059105 0.9545667447306792 0.905136012948779 0.9556499002785712 1.0 0.0 0.0 0.0
2102 1.134418493447732 1.2073849995828023 0.1719312275089964 1.0817256206133614 1.5674122922252116 0.3406637345061975 1.3875870234454386 1.4846615645174064 0.47381047580967617 0.9114984981792396 1.3715397150856627 0.6061575369852059 1.1639552385650014 1.9080621702040408 0.7313074770091963 1.0498030292733629 0.8058888933709067 0.8544582167133147 1.3806610935270671 0.8524144000153652 0.928828468612555 0.7967608121919233 1.0704479761206172 1.0 0.0 0.0 0.0 0.0 0.0 0.0
2124 1.2196852619717238 1.2852016305295508 0.18032786885245902 1.0838531000109 1.6597252750701663 0.3442622950819672 1.3827193761186751 1.7583592369152723 0.4772313296903461 1.4553230760303442 0.9649855427438712 0.6094717668488161 1.07944449978754 0.8551198681595753 0.7282331511839709 1.5334244463838904 1.4150852220059735 0.8287795992714027 0.919202854385736 1.2595933327790672 0.9267759562841531 1.2931671143625754 2.18438705781564 1.0 0.0 0.0 0.0 0.0 0.0 0.0
2134 1.6028038698713858 1.2292398144490029 0.14647184604419103 0.9042885880337715 1.1226698444245948 0.2729864575908767 1.3210504094874196 1.4383524858103856 0.3977191732002851 1.1537628723323865 1.0488609502492705 0.5128296507483963 1.354155333958649 1.1429208145088177 0.6261582323592302 1.3431819730155157 0.7997191074072504 0.7255880256593015 1.1127746449631362 1.2990348527549764 0.8114754098360656 0.9737999254021904 1.4966797517933237 0.8920171062009978 1.2056244042355964 1.7616479376428915 0.9590163934426229 0.9961288729610984 0.7614453855437813 1.0
2156 1.3591982550071302 1.3082413066417988 0.21129326047358835 1.088898497134765 1.2085336223581882 0.4098360655737705 1.3191712810112226 1.0720651779193973 0.5938069216757742 1.683523571350506 1.3239190721224627 0.726775956284153 1.4914574745423717 0.8518821086872653 0.84408014571949 1.1929584771417856 1.6417940197870418 0.936247723132969 1.0457757381180386 0.8423184146118255 1.0 0.0 0.0 0.0 0.0 0.0 0.0 0.0 0.0 0.0
2193 1.2561805842239093 0.9237230753585056 0.24139344262295082 1.5620530493913345 0.8894080423512607 0.4680327868852459 1.146442079188407 1.2060432666750651 0.5995901639344262 0.9820100263900624 0.9598381738470102 0.715983606557377 1.42345163205416 0.6916075740160089 0.8299180327868853 1.4500950429345512 1.1367352195281435 0.9327868852459016 1.124412609120168 0.6559969502330779 1.0 0.0 0.0 0.0 0.0 0.0 0.0 0.0 0.0 0.0
2217 1.5382425198561 0.8461949602398947 0.22868852459016392 1.4629156648609998 0.6001600551088531 0.4569672131147541 1.2758979629398732 0.7418516616141309 0.6680327868852459 1.8428307657352765 0.7981707144979596 0.7889344262295082 1.004120630768104 0.7723462672636986 0.8725409836065573 1.0808181734323474 0.54326866873894 0.9438524590163934 1.2032596785059877 0.9505438510049944 0.9999999999999999 0.0 0.0 0.0 0.0 0.0 0.0 0.0 0.0 0.0
2235 1.4383041876798899 0.5246777145198588 0.37814207650273224 1.2584189974407078 0.5385294022166576 0.6644808743169399 1.667400736852109 0.5681812527542658 0.848087431693989 1.0687262101719373 0.5657820222503278 0.9792349726775956 1.3073272876756874 1.0190371903028248 1.0 0.0 0.0 0.0 0.0 0.0 0.0 0.0 0.0 0.0 0.0 0.0 0.0 0.0 0.0 0.0
2251 1.5033571624594395 0.3042856714133603 0.19626593806921674 1.1633169867232176 0.4680174337738215 0.3756830601092896 1.3368937671317946 0.4975103337801906 0.5505464480874317 1.5481149130630554 0.4855671585429154 0.7204007285974499 1.8284916132049287 0.37102431712960265 0.8647540983606556 1.249723376648153 0.30582016634916864 0.9986338797814207 1.9471306726155624 1.0883353683235812 0.9999999999999999 0.0 0.0 0.0 0.0 0.0 0.0 0.0 0.0 0.0
2271 1.5785282124692956 1.3334063642778702 0.20031987205117952 1.3801360101905848 1.097297820041045 0.3906437425029988 1.6536341149567166 0.9874217322582314 0.5421831267493002 1.086079994366048 1.3434567415197762 0.6889244302279088 1.4146218998015354 1.5929353496409182 0.8188724510195922 1.3657646262272176 0.7859767234057614 0.9400239904038384 1.077572002502357 0.9137238371185559 1.0 0.0 0.0 0.0 0.0 0.0 0.0 0.0 0.0 0.0
2312 1.1091930683582525 0.9344171215959248 0.16539162112932604 1.2508843442289417 1.088631507358241 0.29653916211293263 1.1884430886507198 0.69534565996271 0.4207650273224044 1.045428608898343 1.181361003404868 0.5449908925318762 0.8063064409046965 1.1898227310997531 0.663752276867031 0.9028015116277562 0.9873689916468776 0.7683060109289618 1.492148506807893 0.8666933642728838 0.8586520947176686 0.9315234281737858 0.7642963607320268 0.9431693989071039 1.0710911104090457 1.4522297681469605 1.0000000000000002 0.0 0.0 0.0
2327 1.2304987061699888 1.138376125710207 0.2754098360655738 1.7048623214308058 1.120649597239535 0.466120218579235 1.4196400202662662 1.3587893470437915 0.6174863387978142 1.2439273246517666 0.8401245213820457 0.7655737704918033 0.9568913299740136 1.1757866018562533 0.8612021857923498 1.0699832529085345 1.5372472891089108 0.9442622950819672 0.965020481758693 0.8722628549388856 1.0 0.0 0.0 0.0 0.0 0.0 0.0 0.0 0.0 0.0
2368 1.2196622804380401 1.2663936047068065 0.17459016393442622 1.5648778634970355 1.2867948972421523 0.3434426229508197 1.2385116202883693 1.6676523964338863 0.4860655737704918 0.9921820575348616 0.9608630200591116 0.6282786885245901 1.003456703382975 1.3749208609741117 0.7573770491803278 1.337733978031639 1.0581969250511285 0.8840163934426228 1.2664604449303198 0.7754995064472272 0.9999999999999999 0.0 0.0 0.0 0.0 0.0 0.0 0.0 0.0 0.0
2387 1.3692598505523712 1.4921749921248022 0.18114754098360655 1.1751999163795577 1.2097989548172885 0.34508196721311474 1.0561156554906586 1.5217183363911166 0.49344262295081964 1.4352060323431113 1.1313661852979524 0.6368852459016393 1.2437607108209612 1.8805780116394075 0.7622950819672131 1.474557702581846 0.8310020996099967 0.8504098360655737 0.9328641298440049 1.1301590034104716 0.9270491803278689 1.0515594494253075 0.7865795879072697 1.0 0.0 0.0 0.0 0.0 0.0 0.0
2408 1.229706625735678 1.3272031756460028 0.15616911130284727 1.5017814504160607 1.5238367696771542 0.31190681622088007 1.4536960190622137 1.1536942323166377 0.46074201898188094 1.0750060445025096 1.6144282990848748 0.6044003451251079 1.1764195917281906 1.061170913196978 0.7118205349439172 1.3464936865436758 1.91788775389581 0.8080241587575496 1.4281905884864794 0.7891057883914937 0.8994823123382226 0.9260551218422772 1.2388500468041408 0.9637618636755825 0.974552354123244 0.8286957076550373 1.0 0.0 0.0 0.0
2427 1.2428567733888594 1.9304204687452982 0.1869877049180328 1.5209975249568983 1.7090973556229327 0.36065573770491804 1.1818565331548725 0.9772060205726292 0.492827868852459 0.944535384482909 1.3336787193188635 0.6209016393442622 1.0349854617953085 1.7034836435756189 0.7448770491803278 1.2439171576918897 1.4528919189570833 0.8683401639344261 1.5062209615206326 1.1236411317821249 0.961577868852459 1.2188045920748125 2.8001297584665976 1.0 0.0 0.0 0.0 0.0 0.0 0.0
2444 1.4653939709707653 1.4365746015861915 0.1365304624418889 1.193839356312557 1.5426515236910905 0.2666992904330805 1.1277261327892385 0.9533351064356762 0.38952777098115976 1.1905483217028558 1.274377522700781 0.5064839735747492 1.4115938507126409 1.844804332074752 0.6129190114998776 1.249233049836268 2.104298143130392 0.7122583802299975 1.1030661559767208 1.811163617604108 0.8022999755321751 0.9169553628069682 1.5696069101278325 0.8737460239784683 1.4633704721638716 0.9997973031648928 0.9385857597259604 0.8911620747353699 1.2338705891989443 1.0
2464 1.1181087192774606 1.275153106397089 0.23800850030358228 1.0176562101419362 1.6453717920366049 0.403157255616272 1.2210899443926548 0.9462710560913878 0.5519125683060109 1.2632158247246548 1.5776104512705147 0.7006678809957498 1.1450120546438831 2.077140014214881 0.811778992106861 0.8874358810616833 0.9614260739620036 0.9064966605950213 0.879089327473876 1.341007710246466 1.0 0.0 0.0 0.0 0.0 0.0 0.0 0.0 0.0 0.0
2490 1.2002587464942986 1.7261235877333343 0.19150521609538004 0.9984560214332878 1.8278103381564803 0.3513412816691506 1.1181729528023523 1.3439832342330886 0.5 1.1354497095556613 2.1309114687751274 0.6415797317436662 0.9228917395199736 1.5209363449058064 0.7798062593144561 0.9775673130971176 0.951996294404282 0.8930700447093891 0.8181385552525342 1.2489176621896594 1.0000000000000002 0.0 0.0 0.0 0.0 0.0 0.0 0.0 0.0 0.0
10 1.1424460779656322 2.346173431544642 0.18868531018964962 1.3673172609637405 2.435077381270957 0.329154612664738 1.3192542318808798 2.143430104336232 0.4667309546769527 1.049160721997734 2.101962302190949 0.563805850208936 1.2337397025269108 1.8918305221924163 0.6531661845065895 1.428070319732667 1.7238692583347732 0.728383156541305 1.650398964383084 1.1896799122632007 0.7997428479588556 1.1297863363390008 1.3838350899226914 0.8691738990678238 1.6329661820823569 2.010011439291417 0.9350691096110575 0.9943762904062174 1.7828322266097938 1.0
18 1.3500906014179488 2.0954494760194917 0.15424739195231 1.6046527065951173 1.9048559686796065 0.2969448584202683 1.3152655024492237 1.6685506594575077 0.4288375558867362 1.8601184909476651 1.5037682383651534 0.543591654247392 1.5199190312715167 2.418232259121355 0.656855439642325 1.1384049443840774 2.247214003874072 0.763785394932936 2.036858075675897 2.088118023648754 0.8491058122205664 1.0161418374595077 1.890403098031742 0.9321907600596125 1.0490317553895372 1.4548227815517023 1.0 0.0 0.0 0.0
54 1.1634303087427842 2.2555332653282347 0.18836387013821923 1.1205031369090659 1.9689011678228228 0.36965605914496946 1.427737333723844 2.035502663958685 0.5085181613629058 1.3071242247267458 1.7437667903009468 0.6432015429122468 1.0266013727921246 1.6674717691353902 0.7486338797814207 1.110343834282033 1.2628489001757726 0.851173256187721 1.4773130857177754 2.392774209526135 0.9341047894567663 1.5786495913237948 1.4817641463094968 1.0 0.0 0.0 0.0 0.0 0.0 0.0
85 1.4161836682601745 2.138756055638962 0.1930783242258652 1.3978049396963084 1.7729187779914302 0.37632058287795994 1.28297138557879 2.468131870613222 0.4972677595628415 1.1530104412339444 2.1658841037441703 0.6149362477231329 1.1717571984927542 1.350759815238216 0.7205828779599271 1.0426729400574393 1.9394222439891209 0.8240437158469945 1.8832753340064812 1.8436884308993344 0.8925318761384335 1.6028819495095226 1.3585578778429261 0.9581056466302369 1.0167199085810552 1.653067452223024 1.0 0.0 0.0 0.0
92 1.680193673387633 2.2756959698389903 0.17433026789284287 1.3793087912353732 2.0251928452080743 0.31107556977209116 1.6266843647220977 1.7332773459744806 0.44182327069172334 1.14397142819324 2.163020257610215 0.5489804078368653 1.2470926440207866 2.4708314046856787 0.6561375449820073 1.013938778844249 1.8135373210296903 0.7508996401439425 0.9877865395654492 1.3292502734774378 0.8364654138344663 1.5124128653251467 1.2878473120403078 0.9196321471411435 1.2828706672813943 1.697262820755532 1.0 0.0 0.0 0.0
127 1.6032287420895048 1.1730573278615832 0.18472610955617752 1.0315825757516062 1.1198956453678561 0.33066773290683726 1.317116213036445 1.2566366212286233 0.4726109556177529 1.3213018747383571 1.012701995296633 0.6141543382646941 1.5809833150161356 0.8808772040794063 0.7469012395041983 1.4524669269377055 1.52698828183642 0.8452618952419032 1.2616781800570438 0.7361448974134084 0.9192323070771691 1.899677585899624 1.394362602308404 0.9628148740503799 1.0767930273915831 1.5559262485288314 1.0 0.0 0.0 0.0
133 1.4226364498591035 2.209960681380775 0.18625741192884548 1.3423086787131788 1.7552693654576663 0.33310080223229854 1.6740750121901695 1.8620407469661624 0.46006278339727935 1.2645251395792572 1.360064956307501 0.5790024415765609 1.1364689829477086 2.302693695211434 0.6773630973142658 1.7584646986794488 1.415932283627798 0.7722357865364493 0.9979146975331342 1.6174245411020338 0.8657132891524242 1.057245058984244 1.9780733294606685 0.9455877223578654 1.9386283326094595 2.389718370275565 1.0 0.0 0.0 0.0
153 1.120486495355013 1.3903583268925492 0.14372855508959206 1.206299091009952 2.201482159187297 0.2840259245139154 1.6487182258918749 1.293856521730676 0.4197483797178803 1.0477811538448327 1.8368200387287303 0.526496378192909 1.4279904498025888 1.6573639642292817 0.6309569195577583 1.413921759750001 1.932812489387554 0.7316050324056425 1.4640415272826497 2.4713167459625667 0.8299656881433474 1.6780905824879009 2.2062741692018584 0.9161265726267632 1.7634819486648727 1.7233078972088018 1.0 0.0 0.0 0.0
168 1.8792121306126284 1.8398974891833784 0.17663934426229508 1.4903187354640195 1.6005601530712883 0.3 2.2598998214866897 1.4411104979284275 0.41721311475409834 1.6033556546979868 2.06662980786937 0.5323770491803278 1.1144826698497046 1.9015421636188168 0.6327868852459015 1.8015622484324099 1.3602208236044688 0.7295081967213114 1.332548750196379 2.3027179527856116 0.815983606557377 2.1530445767325292 2.2669815238263515 0.8815573770491804 1.0413691097455695 1.4747406645299352 0.9434426229508197 1.3389010950204914 1.1603811628673053 1.0
196 1.5068099127719763 2.001539363110532 0.1322166785459729 1.548567900795049 1.697663803847515 0.2573057733428368 1.2477447228693928 2.2762645475804364 0.3799002138275125 1.2616214590677381 1.7791623541205723 0.49964362081254454 1.1614236871389008 2.002120704611324 0.6186742694226657 1.6639244692494688 1.2576994586470112 0.7312900926585887 1.3829264909714492 1.1214828521767863 0.8129009265858873 1.2794202006270492 1.4853925402603307 0.8916607270135424 0.9627237996259238 1.7103801934920837 0.9689950106913756 0.9735848838712644 1.3367554304583713 1.0
242 1.5091771302535355 1.971894467838908 0.15378610460577674 1.3275223860791168 2.3547090988523425 0.29156908665105385 1.7065219922632582 1.6124757238909913 0.419984387197502 1.3364036947201232 1.4841231474751593 0.5374707259953162 1.496152810755201 1.1276734435964122 0.6491022638563623 1.1564748435650634 2.0358009073163004 0.7595628415300547 1.3184167044003556 1.7787844818442184 0.856752537080406 1.0272149852441737 1.2693467346524798 0.9355971896955504 0.9748088721554962 1.6844769333561782 1.0 0.0 0.0 0.0
265 1.5901411210256582 2.006947198696425 0.1780923994038748 1.0774518189929725 2.1067496497129907 0.29918032786885246 1.3472550640830383 1.2468586214135773 0.41616989567809237 1.4231345848380548 1.5875946161185106 0.5219821162444113 1.3655320999468783 2.3583375552929047 0.621833084947839 1.05641401151102 1.7091307549989656 0.7116244411326378 0.949644764789907 1.3834835712842173 0.7999254843517138 1.7525679616741052 1.5340896134400634 0.8848733233979136 1.296666101917851 1.9216263552959043 0.9698211624441133 2.088171985695436 2.1021743791563274 1.0
276 1.5311762186333246 1.9628407349060528 0.18912435025989605 1.4007195499105445 1.7101492081080616 0.3194722111155538 1.4623396388089644 1.4358216468036469 0.43102758896441423 1.074443513212621 1.6777549736822412 0.5345861655337865 1.2477498585989877 2.2903724011121063 0.6377449020391843 1.1670168779679786 1.9529389542051547 0.730107956817273 1.1220518586379484 1.2706663098915192 0.8076769292283086 1.7973556546055054 1.5836495349234248 0.884046381447421 1.5876651311422116 1.0377508475417858 0.9484206317473011 1.513104967878972 2.367183960664163 1.0
352 1.6719845939008782 1.4829251306740034 0.16513394642143142 1.1738927995272868 2.178590212231992 0.32267093162734906 1.304073867139668 1.4601987627926625 0.4686125549780088 1.0501717921821896 1.7463217583818917 0.6073570571771292 1.3610683998893631 1.81940105359247 0.7401039584166333 1.6138335975562066 2.127696955155693 0.8604558176729308 1.436661163609687 1.0340399687278696 0.9404238304678129 0.950767233731292 1.2467214872481391 1.0 0.0 0.0 0.0 0.0 0.0 0.0
373 1.3308270265837605 1.6466368301683287 0.17547055251973284 1.4532767052521511 1.9770340266238609 0.31177899210686094 1.1784016791954923 1.9577276459144208 0.43564055859137824 1.3122222121088134 2.2358764105799924 0.5540376442015786 1.5713265254474018 1.3530727478430558 0.6657559198542805 1.6337735852274933 1.7348075150758688 0.7756527018822101 1.0664420729516644 1.3232168700866211 0.8573163327261688 1.0400203531157486 1.7129764175619704 0.9371584699453552 1.270922999526585 0.9863984081932944 1.0 0.0 0.0 0.0
460 1.093926530548897 1.6444468443845155 0.14969801553062986 1.6919648507561325 1.6217331857545734 0.2929249352890423 1.4115433832077318 1.7960575887364718 0.42191544434857636 1.3947569957779256 1.37288823671907 0.5379637618636756 1.1645859430652834 2.097317163090395 0.6268334771354616 1.4528741628994242 2.24178042767453 0.7139775668679896 1.6611230491192943 2.0175739716874057 0.7937877480586712 1.3038184954967862 0.9667274812178674 0.869283865401208 1.0110003523493916 1.256516240781326 0.9348576358930112 1.6752141308169333 1.1752327968949174 1.0
487 1.2546088504092667 2.146228007966028 0.19320843091334894 1.6005476836731647 1.4362279915314682 0.36826697892271665 1.5281541615584215 1.8711588138516224 0.5117096018735363 1.246963840087903 1.6164636807453363 0.6317330210772834 1.0509453112299998 1.834504512185471 0.7459016393442622 1.3324154079212842 1.2755111047712375 0.8343091334894613 1.5298178787592296 0.9531193126876304 0.9057377049180327 0.902182186752812 1.4602114582019183 0.9724824355971897 1.0811411392296957 1.0529436062349649 1.0 0.0 0.0 0.0
505 1.2290216948071842 2.225277502435142 0.13566986998304126 1.1499847684969402 1.8592884046371327 0.2668174109666478 1.619171186428105 1.5384833029687457 0.394855850763143 1.3496291736997807 1.3202809833056828 0.5098925946862634 1.057257830688261 1.4952468484833 0.6079706048615036 1.3268053037527272 1.6546113288740705 0.7023742227247031 1.6457424960576312 1.1656839765131164 0.7947993216506499 1.5760431022029828 1.929761254684128 0.8815715093273034 1.3146401789921918 0.9187367154247768 0.9522328999434708 1.00083175292491 1.157064164718953 0.9999999999999999
533 1.3893831615600525 1.6525482215996703 0.13428158148505304 1.1656208989746148 1.8548138084215149 0.2531340405014465 1.5548090439627775 1.9426387696195373 0.3671648987463838 1.3817956703460468 1.358267019392032 0.4729990356798457 1.0332301279368663 1.5188630225923652 0.5788331726133076 1.6714188698703794 1.6121100568492042 0.6706846673095468 1.2910853256280683 2.1326106076607467 0.7620540019286404 1.0872926943031316 1.047926105224986 0.8461909353905497 1.4480282216172748 1.0182377109313467 0.9262295081967213 1.7229402951522184 1.2244288557154368 1.0
576 1.405931835399594 1.5943889164889995 0.17353058776489405 1.0747805206052603 1.6110931601693128 0.3142742902838864 1.5181915048492949 1.1688591765559424 0.44422231107556975 1.3146005014704998 1.9859203142335555 0.5585765693722511 1.283525833656461 1.2934091837878712 0.6701319472211116 1.6417933126164177 1.4279196092114603 0.777688924430228 1.6097766760445509 1.8189825379072448 0.8652538984406238 0.9458278294422968 1.1718749621546216 0.9208316673330668 1.5526626183976846 0.8522372683879879 0.9628148740503798 1.1771580821454697 0.8589616516370009 1.0
599 1.5218797343146178 1.4810423379095172 0.21311475409836064 1.5780541764723977 1.1034675908489395 0.3919523099850969 1.3036994630513508 1.164706032861162 0.5653253849975162 1.2752428161308746 0.8184997873078 0.6790859413810234 0.9540791388462654 1.004309673685171 0.7794336810730254 2.056247992529665 1.286185205347624 0.8633879781420766 1.0619100827723718 1.4537393474251146 0.9324391455538997 1.6083776546892048 0.8011146855141611 1.0 0.0 0.0 0.0 0.0 0.0 0.0
636 1.2830838378256049 1.0948159072422643 0.13834466213514593 1.6753212300174938 1.1577213224994545 0.27668932427029186 1.7448359692809103 0.8583392231676542 0.4094362255097961 1.4611325432703033 1.3022371853759689 0.53218712514994 1.5257730405987375 1.0115039860539308 0.6397441023590564 0.9740694862149024 1.0872274361070555 0.7317073170731708 1.6809693668967105 1.539709992672461 0.808876449420232 1.3315035630591208 1.5832042894024916 0.8768492602958815 1.0793307973209467 1.39356362365426 0.9404238304678127 1.269456817071874 0.7052564147534625 0.9999999999999999
800 1.4040502808804745 0.924532783022407 0.2193009588617383 1.720983420813088 0.948554522924917 0.3789050417568821 1.334399278066131 0.6944587737124794 0.5335601608413238 1.5976233952106988 0.7230305980139253 0.673677698731828 1.0481240460547407 0.8217735631273909 0.7921435199505104 1.1623769195114544 1.056032453765427 0.8982369316424373 1.4797048382535765 1.1892807351085877 1.0 0.0 0.0 0.0 0.0 0.0 0.0 0.0 0.0 0.0
902 1.5968219244412976 1.8406447781048263 0.15081967213114755 1.4213105667092871 1.6088285196541825 0.29704918032786887 1.6426110402168803 1.3699286225209375 0.42262295081967216 1.3868506062775972 1.2534757455784775 0.5475409836065575 1.2127176620888325 1.4729300289187102 0.6521311475409837 1.2512350052722272 1.9718011358143812 0.7554098360655739 1.068868855967928 1.7587126437990606 0.8445901639344263 1.610787345877725 0.9716098413304316 0.9078688524590165 1.0002963986911593 1.1968166625570644 0.9681967213114755 1.3162580810219071 0.8642795177212117 1.0
929 1.6750665996990863 1.5804330233523682 0.18343697003957038 1.4170851542458331 1.2922876411318174 0.3343697003957038 1.3683635162882022 1.6455971518912782 0.47512719050310914 1.5242587597195616 1.9721399606750265 0.5977953646127756 1.1060483330497597 1.5519896006180964 0.7049180327868853 1.3694613645027327 0.8953933073806669 0.7950819672131147 1.0506807271388978 1.1953792098946687 0.8745053702656869 1.7577159590904845 1.0827573490218458 0.9468626342566422 1.1637586607027044 1.9441896713469864 1.0 0.0 0.0 0.0
940 1.5165649103088792 1.5702413836690854 0.15636822194199243 1.3564796651332531 1.361251066740553 0.2988650693568726 1.1927987258310349 1.9843832239760013 0.4270701975620008 1.5568267473838258 1.9048660921811555 0.5493905002101723 1.5235275073740566 1.0006839576011866 0.667927700714586 1.2452803360953864 1.6221136703059988 0.7717528373266078 0.9808928009093492 1.4832682947959228 0.8747372845733501 1.6817028850949731 1.3130795357099545 0.9541824295922656 1.1840196702418844 1.0311542211935814 1.0 0.0 0.0 0.0
956 1.3889299511671578 1.6686137336131366 0.16666666666666666 1.175377348929646 1.851652009924359 0.3183060109289617 1.6487401515333182 1.8950568209867018 0.4612932604735883 1.338219216448994 2.175183662665557 0.5897085610200364 1.38997914882272 1.3739518876593806 0.7158469945355191 1.72334958672618 1.4966498845034826 0.8164845173041895 1.1430847217909776 1.077868229079591 0.883424408014572 1.0272941321542295 1.5055539711678094 0.9458105646630237 1.5592012012239942 1.0777432934801952 1.0 0.0 0.0 0.0
1035 1.3382355251811309 1.3553207539289325 0.14564943253467844 1.5575965060862345 1.957601743810844 0.2717528373266078 1.3084962049848257 1.6708468668292515 0.3975409836065574 1.623986890431607 1.583207996358919 0.5173392181588903 1.116676163338886 1.8465284790965484 0.6153846153846154 1.555174155616079 1.2173823834462008 0.7052332912988651 1.036378168104944 1.4658854370384735 0.7925598991172762 1.3067629180321307 2.14798930019168 0.8751576292559899 1.1241576742026989 1.099937351141974 0.9451450189155107 1.4646072268243635 0.8269527628957983 1.0
1095 1.5346731766478283 1.9065468063273208 0.14353369763205828 1.3379633680301346 2.088373179565897 0.27650273224043714 1.1654828567545956 1.950547361367292 0.4010928961748634 1.0633312110606723 2.2023988995179717 0.5194899817850638 1.2496705438684046 1.610862885395708 0.6324225865209472 1.2743607414619842 2.3850985761770183 0.7216757741347906 1.0028704636192485 1.7177189932717751 0.8003642987249545 1.5843237022576395 1.305495995118367 0.878688524590164 1.3821396657812703 0.6286307372199589 0.9435336976320583 1.0079827486439459 1.2119807238415623 1.0
1183 1.002719586903557 1.8332998123928104 0.18210976478973628 1.7288614904469295 2.034470732862913 0.3239486813970064 1.0002558232752448 1.400195911702502 0.45545260156806844 1.1622814411353706 2.224957814709119 0.5744832501781896 2.100650948271443 1.5343976047943333 0.6799714896650035 1.3716637831375849 1.7026284774774862 0.7719173200285103 1.6881096877122008 1.2922796210018357 0.8588738417676407 2.4000723895898743 2.1193002240386623 0.9390591589451176 1.2597357526237254 1.1682616426960826 1.0 0.0 0.0 0.0
1204 1.3496462497906745 2.146218173396281 0.17192097519966373 1.3370212758718287 1.7581930440278797 0.3114754098360656 1.2993456205401246 1.4126243901489044 0.4426229508196722 0.9043856974947064 1.2577357800091415 0.5628415300546449 1.6952785882106347 1.2104206713510852 0.6721311475409837 1.0324971982398472 1.6220934029905087 0.7658680117696512 1.1643037755672672 1.01355944115454 0.8507776376628837 1.7196370769555775 1.8532496959001241 0.9281210592686002 1.0404939768960062 2.0043651949139254 1.0 0.0 0.0 0.0
1222 1.1545407274070163 2.119579542371771 0.14499089253187614 1.2861810813929166 1.7813923272634162 0.2816029143897997 1.3924069277674354 1.4137202916052434 0.41675774134790533 1.4340040242611798 1.042041162970943 0.541712204007286 1.5837783271079755 1.6586307753711298 0.6477231329690347 1.1327112492973672 1.2576471212785525 0.7493624772313298 1.8460264910445512 1.2753282823425272 0.849544626593807 0.9991835879727712 1.568817697974486 0.9373406193078324 1.7912676097745972 2.0553132748255725 1.0 0.0 0.0 0.0
1316 1.2231865348232398 1.2567241130478704 0.16985428051001822 1.4497804239823933 1.4959413674028716 0.3274134790528233 1.421046054184038 0.9504233231745616 0.4795081967213115 1.0467231356104008 1.5302814316282152 0.6302367941712205 0.9139818244531224 1.1996282099134847 0.7577413479052824 1.1132027340761328 0.9256061828727574 0.877504553734062 1.1838865582374576 1.92910543229781 0.9512750455373407 1.7711149160496271 1.3160369025903425 1.0 0.0 0.0 0.0 0.0 0.0 0.0
1387 1.3256512187554952 1.0282448047436796 0.25252877572375304 1.6403400752197952 1.1918483882403277 0.4098360655737705 1.6043218043999672 0.8990434276025291 0.5660969654691315 1.1114866135611232 0.7883113874396667 0.7035228461806766 1.4049716871172369 0.7210804044203614 0.8245552842692709 1.2232430499379685 1.3388675343448262 0.9295430763864666 0.9697382647959616 1.0848314498976557 0.9999999999999999 0.0 0.0 0.0 0.0 0.0 0.0 0.0 0.0 0.0
1444 1.404022881518635 0.5315792562233937 0.22459016393442624 1.5559053633487094 0.3580372279081555 0.4233606557377049 1.5915952256691808 0.5286641267591726 0.5901639344262295 1.7912472876810792 0.469313529841079 0.7520491803278688 1.296099522758302 0.33475897513337183 0.8959016393442623 1.1672392187718852 0.5215676936035126 1.0 0.0 0.0 0.0 0.0 0.0 0.0 0.0 0.0 0.0 0.0 0.0 0.0
1546 1.8750418213845572 1.3055260219324576 0.17169974115616912 1.2966731467606112 1.3424181892309133 0.30543572044866263 1.5860582221923254 1.5323772042286408 0.4360080529191832 1.3111603606964182 1.747995816263473 0.5504745470232959 1.4930535083451304 1.137305590225483 0.6465343687086569 1.709178289037789 0.90745798078517 0.7365545010066149 1.879811869100472 1.840073333782121 0.8245614035087719 0.9722136923111164 1.4783816817681146 0.8918607995398331 1.0442362997776762 1.0364790147940233 0.9545585274662064 1.4137322113834636 0.6942359717067005 0.9999999999999999
1743 2.3598015408555733 1.3947784536782797 0.14576871953921133 1.615373304941593 2.063307490404711 0.27957465662383696 1.7873219622761718 1.6603932372935533 0.41116526362428 2.159408499980205 2.040254035862728 0.5414266725742136 1.6758478722745371 1.2068203926179566 0.6455471865307931 1.224114678169737 1.9717491304144563 0.7474523704031901 1.4078997455282438 1.5941409161775058 0.8471422241914046 1.4397887626393169 2.412854503910068 0.9251218431546301 1.2231393707933256 1.2055377779173777 0.9654408506867523 1.0294543362145003 1.5710468441326852 1.0
1821 1.3778582180531396 1.7663537726979857 0.14275956284153005 1.6141181150996355 2.035574203703849 0.28517759562841527 1.6247633067308829 1.5027325687662885 0.41871584699453546 1.2786160007066292 1.4757313933769451 0.5317622950819672 1.2814166752830527 2.268472454485346 0.6376366120218578 1.0267878735731844 1.2762611881722683 0.7342896174863387 1.1376740363158493 2.006539747821701 0.8275273224043715 1.0085443537014491 1.7005140203714706 0.9204234972677595 1.4523464603400091 1.0529332356857195 1.0 0.0 0.0 0.0
1887 1.4473253898316214 1.9565429156016072 0.14716840536512668 1.325618578481833 2.2693296388226214 0.29321907600596125 0.9893868887714474 1.730911267920261 0.41616989567809237 1.1247475585570907 2.02551456278631 0.5387481371087928 1.8535681235216441 1.5616474934023712 0.6535022354694485 1.3633230274739452 1.6354417803865977 0.7663934426229507 1.5143862208010717 1.2983702126682115 0.8561847988077496 1.743925526906523 2.2037129244233165 0.9318181818181819 1.0843651623691208 1.3412172726101848 1.0 0.0 0.0 0.0
1912 1.1676162830547017 2.119680934759645 0.20910746812386158 1.3028203665685882 1.8683065745587304 0.34207650273224044 1.3096808936006537 1.5616832667315377 0.45792349726775955 1.3823051488065723 2.3439247108947168 0.5712204007285975 1.5964450618318935 1.5931507117654202 0.6841530054644809 1.5055173089180989 2.0521778383529634 0.7919854280510018 1.4978620073774958 1.1892764887568932 0.8714025500910747 1.07207628980038 1.2669139972870165 0.9362477231329691 1.00138703315226 1.7126893395661482 1.0 0.0 0.0 0.0
1949 1.1731053341746025 2.0910388722211954 0.2631812140008861 1.5531938667802991 2.067497855190574 0.4590163934426229 1.3698258371602643 1.7239376606429266 0.6521931767833407 1.2614374551459029 2.470821098980602 0.7780239255649091 1.0610305911136808 1.774741406393047 0.8848028356225076 1.350599968459245 1.1821919856317649 0.9636685866194061 1.0021143211456776 1.4057562050675687 0.9999999999999999 0.0 0.0 0.0 0.0 0.0 0.0 0.0 0.0 0.0
2031 0.8594159133378304 1.3442765649569537 0.15021746403479425 1.0230098241114516 1.1296194716961012 0.28370692539310804 0.7243887074384361 1.6221962485713737 0.41184342589494816 1.0193622038848975 1.5414665443759434 0.5336232853797257 0.8511894634398497 1.7383195475548652 0.6554031448645032 1.0180691943570566 2.0034205074351163 0.7745065239210439 0.6277479849801193 1.4183003014208837 0.8738708598193377 0.7753745364212988 1.1337518244835103 0.9688859150217464 0.8870542620282255 0.8400857923059262 1.0 0.0 0.0 0.0
2174 1.139825220996177 0.9594705403642168 0.18743169398907103 1.4131962918012635 1.0116369800668064 0.3546448087431694 1.2118232293359474 1.1877708230846142 0.5103825136612021 1.3543386693170896 0.7154190381896761 0.6371584699453552 1.6722245400379931 1.2080464174953387 0.7628415300546448 1.2360384651870695 1.5060017754901398 0.8540983606557377 0.9328286022027332 1.3655282975800065 0.9103825136612023 0.9817351240081988 0.7184048749593326 0.9562841530054644 0.8970610892071881 1.045509707426823 1.0 0.0 0.0 0.0
2286 1.370195673384443 0.900334962731435 0.2533532041728763 1.1351054773037368 1.01969600892974 0.4376552409339295 1.7563365335927918 0.8771984195108928 0.5856929955290611 1.098668106029141 0.7164239348960212 0.7059115747640338 1.0935182108864232 1.2944270773011946 0.8112270243417784 1.3598978417694838 0.6765607344298523 0.8951813214108295 1.4826666186359838 1.2650065844495388 0.9687034277198211 0.8913440450278722 0.9188957116689632 1.0 0.0 0.0 0.0 0.0 0.0 0.0
2349 1.2236121704408605 1.0740112950842389 0.20779796189632255 1.3935482743021843 0.8008786929294633 0.37970757642888786 1.378622110052926 1.285023456638855 0.5511741249446167 1.1429915170067257 1.7234379966492732 0.6588391670358883 0.9562930145455264 1.113205525654296 0.7634027470093043 1.0388835544208141 1.3832440160553128 0.8533451484271156 1.7503009250962136 1.2660318540211497 0.9432875498449269 1.0089445085411386 0.7610876414909081 0.9999999999999999 0.0 0.0 0.0 0.0 0.0 0.0
2506 1.0829865322883114 1.6807930917314031 0.19672131147540983 0.8462383338349797 1.756238394908554 0.38419503993274484 0.7576034355654918 1.128006916373162 0.5313156788566624 0.7898957197516101 1.42909375313398 0.6591004623791509 1.0475593687919669 1.3085881187754305 0.7847835224884405 0.9645661277307788 0.8981530977985278 0.9066834804539723 1.0348348452336655 2.1096364681905766 1.0 0.0 0.0 0.0 0.0 0.0 0.0 0.0 0.0 0.0
